function b_f_syms = b_f_func
%B_F_FUNC
%    B_F_SYMS = B_F_FUNC

%    This function was generated by the Symbolic Math Toolbox version 9.3.
%    20-Apr-2023 10:27:29

mt1 = [0.0,0.0,0.0,0.0,0.0,0.0,0.0,0.0,0.0,0.0,0.0,0.0,0.0,0.0,0.0,0.0,0.0,0.0,0.0,0.0,0.0,0.0,0.0,0.0,0.0,0.0,0.0,0.0,0.0,0.0,0.0,0.0,0.0,0.0,0.0,0.0,0.0,0.0,0.0,0.0,0.0,0.0,0.0,0.0,0.0,0.0,0.0,0.0,0.0,0.0,0.0,0.0,8.320756923076926e-3,6.585399999999996e-3,-4.550771384615384e-3,2.359384615384519e-5];
mt2 = [2.744553846151324e-5,-2.49863076923077e-3,1.609753846154618e-5,-2.225440000000001e-3,-2.463941538461537e-3];
mt3 = [2.23066153846153e-3,-2.864307692308197e-5,8.784615384616455e-6,1.917723076923086e-5,3.132307692307692e-3];
mt4 = [6.353846153846183e-4,-3.581538461537725e-5,2.066923076923129e-6,-1.446153846170566e-7,-9.523076923055062e-6];
mt5 = [5.532307692307814e-5,-1.191384615384621e-5,-3.209538461538473e-5,-1.527692307692869e-6,-3.313846153849669e-7];
mt6 = [-2.440030769230776e-4,3.406153846152036e-6,3.076923076929432e-7,5.15999999999943e-6,4.521538461537962e-5];
mt7 = [-8.59200000000264e-7,6.180615384619464e-6,9.969230769234908e-8,-2.621538461538789e-5,-5.027692307692324e-5];
mt8 = [1.341538461545782e-6,2.790000000000008e-4,-6.528000000000053e-5,4.809135384615377e-4,-6.457230769230771e-5];
mt9 = [1.057846153846159e-5,3.801200000000149e-5,5.821846153846128e-5,-2.194153846153877e-5,-7.981815384615372e-4];
mt10 = [1.322676923076927e-4,3.246461538461391e-5,8.843938461539639e-5,8.701575384615395e-3,1.038030769230861e-4];
mt11 = [-3.706369230769249e-4,-6.961215384615384e-3,-8.4236923076923e-4,0.0,0.0,0.0,0.0,0.0,0.0,0.0,0.0,0.0,0.0,0.0,0.0,0.0,0.0,0.0,0.0,0.0,0.0,0.0,0.0,0.0,0.0,0.0,0.0,0.0,0.0,0.0,0.0,0.0,0.0,0.0,0.0,0.0,0.0,0.0,0.0,0.0,0.0,0.0,0.0,0.0,0.0,0.0,0.0,0.0,0.0,0.0,0.0,0.0,0.0,0.0,0.0,-2.028408936820085e-2];
mt12 = [-1.917573822362954e-2,-5.033211729321412e-2,1.740123658819413e-4,7.504600917059164e-6,-3.31079744840978e-2];
mt13 = [-3.574138081556755e-5,-4.739698497435511e-2,7.450339366742105e-2,1.964805512433017e-3,-1.996824038493894e-4];
mt14 = [5.651641767153779e-6,-1.96204276914072e-3,-6.328064126007149e-3,-1.333546811589149e-3,1.431321877031617e-4];
mt15 = [-2.345976063367299e-4,-9.648363865986252e-5,1.685816204925379e-3,-1.697703398445943e-2,2.157549203026301e-4];
mt16 = [7.743512298170797e-3,-1.720351871479361e-4,7.768500019482122e-5,1.470508166875594e-2,9.066560278411878e-7];
mt17 = [2.059368105314376e-4,7.808146972044405e-3,4.29262961931611e-5,-3.673061304353988e-5,-5.024467305106204e-5];
mt18 = [4.801790596644855e-4,-9.400886100241932e-5,2.57742824112801e-3,8.630613809719202e-6,4.202317993055143e-3];
mt19 = [-1.048493933533806e-3,-1.77394200299101e-3,1.131229234010148e-3,-2.057535657255969e-4,9.806436527343826e-4];
mt20 = [1.004444670946637e-3,-2.976432683219407e-4,-1.193821943767185e-2,-4.988686483468348e-3,5.898057588723335e-4];
mt21 = [-2.135991391795637e-4,-6.529404559493847e-4,-7.922003484340429e-4,8.564438215971247e-3,-1.574808139196964e-2];
mt22 = [-1.38099444723674e-3,0.0,0.0,0.0,0.0,0.0,0.0,0.0,0.0,0.0,0.0,0.0,0.0,0.0,0.0,0.0,0.0,0.0,0.0,0.0,0.0,0.0,0.0,0.0,0.0,0.0,0.0,0.0,0.0,0.0,0.0,0.0,0.0,0.0,0.0,0.0,0.0,0.0,0.0,0.0,0.0,0.0,0.0,0.0,0.0,0.0,0.0,0.0,0.0,0.0,0.0,0.0,0.0,9.654054486441969e-3,-1.163202554143886e-2,-1.12080844724667e-2];
mt23 = [3.899110341818439e-5,1.874485824509738e-4,2.015254817420343e-2,9.906953137522622e-5,2.051594005585481e-2];
mt24 = [-7.054314246914897e-2,-4.437398708371472e-2,5.770193303517881e-4,2.735928820152676e-5,7.006727807424849e-3];
mt25 = [-2.199590477345131e-3,-4.542682975580799e-4,1.726610564048643e-5,1.033469739941146e-4,-2.365198994429755e-6];
mt26 = [-2.408698479152249e-4,1.712055160199635e-3,-1.268720990262777e-5,1.549523414515404e-3,8.750813304774096e-6];
mt27 = [9.849741285663866e-5,3.946244961935412e-2,4.084275243098196e-4,-9.907389165351066e-5,-4.696437749757978e-3];
mt28 = [1.08729033624576e-4,5.601447101378988e-5,-9.254636942051063e-6,3.84300455837554e-4,3.685040526930742e-4];
mt29 = [3.19850945996064e-3,7.271893119451558e-4,-1.649093081676119e-2,3.157421387983396e-3,4.837268535720318e-3];
mt30 = [3.925422842838922e-3,1.662896752760128e-4,-4.07242887271996e-4,-2.243701925816938e-4,-4.682583099099017e-4];
mt31 = [-2.065707443862476e-2,-6.902027669146457e-3,7.759878262626521e-4,1.014908067770024e-4,-1.735771988292981e-3];
mt32 = [-2.96634453801802e-4,5.887211958895059e-3,-1.441378870565586e-3,-1.77066463838367e-3,0.0,0.0,0.0,0.0,0.0,0.0,0.0,0.0,0.0,0.0,0.0,0.0,0.0,0.0,0.0,0.0,0.0,0.0,0.0,0.0,0.0,0.0,0.0,0.0,0.0,0.0,0.0,0.0,0.0,0.0,0.0,0.0,0.0,0.0,0.0,0.0,0.0,0.0,0.0,0.0,0.0,0.0,0.0,0.0,0.0,0.0,0.0,0.0,0.0,0.0,0.0,0.0];
mt33 = [-4.042800358010125e-3,7.453382242951179e-3,6.753369862550911e-3,-1.214358152176903e-2,-1.84522418228579e-2];
mt34 = [-5.315654682443839e-3,-5.784926297461539e-3,1.007161819628742e-2,9.981173006832182e-3,1.672532318258541e-2];
mt35 = [5.896156151305363e-2,9.921269633200328e-2,-2.273034167112653e-2,7.107274390869653e-3,-2.445680278819131e-2];
mt36 = [-2.252824048975167e-2,6.041849178259435e-2,3.091285972196124e-2,-2.097797909510189e-3,6.998252935527037e-2];
mt37 = [-6.201317974645805e-4,1.957157968799888e-2,3.231344051118926e-2,-7.115314919451451e-3,8.962105613939467e-2];
mt38 = [7.389809228110616e-3,-1.648352146933696e-2,-4.885439648238636e-2,5.072711357369233e-3,2.705412464475295e-2];
mt39 = [-7.813962319863645e-3,-3.63151838560942e-2,1.355254005566818e-2,-4.399290701127666e-2,3.593838187623803e-2];
mt40 = [-1.500459720013637e-1,-1.279734311026296e-2,5.755749344768327e-3,1.985315414395079e-2,2.229257906005791e-3];
mt41 = [-1.354836098959031e-3,9.348713926336508e-4,8.486446458071667e-3,-9.153065446350535e-2,-6.528461539789468e-2];
mt42 = [-8.179858001303515e-3,2.63781227908255e-2,4.820060824674932e-4,3.940911522087126e-2,-1.713669766170466e-1];
mt43 = [2.564680202616348e-2,-3.587083473248421e-2,0.0,0.0,0.0,0.0,0.0,0.0,0.0,0.0,0.0,0.0,0.0,0.0,0.0,0.0,0.0,0.0,0.0,0.0,0.0,0.0,0.0,0.0,0.0,0.0,0.0,0.0,0.0,0.0,0.0,0.0,0.0,0.0,0.0,0.0,0.0,0.0,0.0,0.0,0.0,0.0,0.0,0.0,0.0,0.0,0.0,0.0,0.0,0.0,0.0,0.0,0.0,0.0,3.932473296164571e-3,-7.593121890897078e-3];
mt44 = [-7.54166140885566e-3,-1.205010956790424e-2,-1.820984604788407e-2,5.656764911521358e-3,-5.741144796135702e-3];
mt45 = [-1.019830543237388e-2,-9.950058909049684e-3,-1.591202213817148e-2,5.908673406743608e-2,9.92841302200189e-2];
mt46 = [2.316605102890454e-2,2.210708794258667e-3,-2.455766460841943e-2,-2.140108962504068e-2,5.891283741953488e-2];
mt47 = [3.009507657086875e-2,1.097410851754515e-2,-7.059140405247667e-2,2.208423289289865e-3,-1.918768523356695e-2];
mt48 = [3.111064053180964e-2,-7.910571343214164e-3,-9.02519657290362e-2,5.583583670973902e-3,-1.485229705796603e-2];
mt49 = [4.894593575226003e-2,4.818916931532072e-3,2.559776026437667e-2,-7.675831408912016e-3,3.528963563692081e-2];
mt50 = [1.052518260579636e-2,4.127227598676993e-2,2.617486778066208e-2,1.334350465909599e-1,-7.304482298717532e-2];
mt51 = [-5.979463299433867e-3,-2.207117798895579e-2,-4.362855230831474e-3,1.99471501891688e-2,2.347865569282875e-2];
mt52 = [1.489152586798825e-2,9.199053481626634e-2,6.344316825951378e-2,-1.687366895204676e-2,2.219990512445733e-2];
mt53 = [-7.647777929260239e-4,-2.0938302908622e-4,1.66599021410397e-1,-1.44830576027064e-2,-5.479077998394354e-2];
b_f_syms = reshape([mt1,mt2,mt3,mt4,mt5,mt6,mt7,mt8,mt9,mt10,mt11,mt12,mt13,mt14,mt15,mt16,mt17,mt18,mt19,mt20,mt21,mt22,mt23,mt24,mt25,mt26,mt27,mt28,mt29,mt30,mt31,mt32,mt33,mt34,mt35,mt36,mt37,mt38,mt39,mt40,mt41,mt42,mt43,mt44,mt45,mt46,mt47,mt48,mt49,mt50,mt51,mt52,mt53],104,5);
end
