function b_mf_syms = b_mf_func
%B_MF_FUNC
%    B_MF_SYMS = B_MF_FUNC

%    This function was generated by the Symbolic Math Toolbox version 9.3.
%    19-May-2023 11:32:11

mt1 = [0.0,8.320756923076926e-3,0.0,6.585399999999996e-3,0.0,-4.550771384615384e-3,0.0,2.359384615384519e-5,0.0,2.744553846151324e-5,0.0];
mt2 = [-2.49863076923077e-3,0.0,1.609753846154618e-5,0.0,-2.225440000000001e-3,0.0,-2.463941538461537e-3,0.0,2.23066153846153e-3,0.0];
mt3 = [-2.864307692308197e-5,0.0,8.784615384616455e-6,0.0,1.917723076923086e-5,0.0,3.132307692307692e-3,0.0,6.353846153846183e-4,0.0];
mt4 = [-3.581538461537725e-5,0.0,2.066923076923129e-6,0.0,-1.446153846170566e-7,0.0,-9.523076923055062e-6,0.0,5.532307692307814e-5,0.0];
mt5 = [-1.191384615384621e-5,0.0,-3.209538461538473e-5,0.0,-1.527692307692869e-6,0.0,-3.313846153849669e-7,0.0,-2.440030769230776e-4,0.0];
mt6 = [3.406153846152036e-6,0.0,3.076923076929432e-7,0.0,5.15999999999943e-6,0.0,4.521538461537962e-5,0.0,-8.59200000000264e-7,0.0];
mt7 = [6.180615384619464e-6,0.0,9.969230769234908e-8,0.0,-2.621538461538789e-5,0.0,-5.027692307692324e-5,0.0,1.341538461545782e-6,0.0];
mt8 = [2.790000000000008e-4,0.0,-6.528000000000053e-5,0.0,4.809135384615377e-4,0.0,-6.457230769230771e-5,0.0,1.057846153846159e-5,0.0];
mt9 = [3.801200000000149e-5,0.0,5.821846153846128e-5,0.0,-2.194153846153877e-5,0.0,-7.981815384615372e-4,0.0,1.322676923076927e-4,0.0];
mt10 = [3.246461538461391e-5,0.0,8.843938461539639e-5,0.0,8.701575384615395e-3,0.0,1.038030769230861e-4,0.0,-3.706369230769249e-4,0.0];
mt11 = [-6.961215384615384e-3,0.0,-8.4236923076923e-4,0.0,-2.028408936820085e-2,0.0,-1.917573822362954e-2,0.0,-5.033211729321412e-2,0.0];
mt12 = [1.740123658819413e-4,0.0,7.504600917059164e-6,0.0,-3.31079744840978e-2,0.0,-3.574138081556755e-5,0.0,-4.739698497435511e-2,0.0];
mt13 = [7.450339366742105e-2,0.0,1.964805512433017e-3,0.0,-1.996824038493894e-4,0.0,5.651641767153779e-6,0.0,-1.96204276914072e-3,0.0];
mt14 = [-6.328064126007149e-3,0.0,-1.333546811589149e-3,0.0,1.431321877031617e-4,0.0,-2.345976063367299e-4,0.0,-9.648363865986252e-5,0.0];
mt15 = [1.685816204925379e-3,0.0,-1.697703398445943e-2,0.0,2.157549203026301e-4,0.0,7.743512298170797e-3,0.0,-1.720351871479361e-4,0.0];
mt16 = [7.768500019482122e-5,0.0,1.470508166875594e-2,0.0,9.066560278411878e-7,0.0,2.059368105314376e-4,0.0,7.808146972044405e-3,0.0];
mt17 = [4.29262961931611e-5,0.0,-3.673061304353988e-5,0.0,-5.024467305106204e-5,0.0,4.801790596644855e-4,0.0,-9.400886100241932e-5,0.0];
mt18 = [2.57742824112801e-3,0.0,8.630613809719202e-6,0.0,4.202317993055143e-3,0.0,-1.048493933533806e-3,0.0,-1.77394200299101e-3,0.0];
mt19 = [1.131229234010148e-3,0.0,-2.057535657255969e-4,0.0,9.806436527343826e-4,0.0,1.004444670946637e-3,0.0,-2.976432683219407e-4,0.0];
mt20 = [-1.193821943767185e-2,0.0,-4.988686483468348e-3,0.0,5.898057588723335e-4,0.0,-2.135991391795637e-4,0.0,-6.529404559493847e-4,0.0];
mt21 = [-7.922003484340429e-4,0.0,8.564438215971247e-3,0.0,-1.574808139196964e-2,0.0,-1.38099444723674e-3,0.0,9.654054486441969e-3,0.0];
mt22 = [-1.163202554143886e-2,0.0,-1.12080844724667e-2,0.0,3.899110341818439e-5,0.0,1.874485824509738e-4,0.0,2.015254817420343e-2,0.0];
mt23 = [9.906953137522622e-5,0.0,2.051594005585481e-2,0.0,-7.054314246914897e-2,0.0,-4.437398708371472e-2,0.0,5.770193303517881e-4,0.0];
mt24 = [2.735928820152676e-5,0.0,7.006727807424849e-3,0.0,-2.199590477345131e-3,0.0,-4.542682975580799e-4,0.0,1.726610564048643e-5,0.0];
mt25 = [1.033469739941146e-4,0.0,-2.365198994429755e-6,0.0,-2.408698479152249e-4,0.0,1.712055160199635e-3,0.0,-1.268720990262777e-5,0.0];
mt26 = [1.549523414515404e-3,0.0,8.750813304774096e-6,0.0,9.849741285663866e-5,0.0,3.946244961935412e-2,0.0,4.084275243098196e-4,0.0];
mt27 = [-9.907389165351066e-5,0.0,-4.696437749757978e-3,0.0,1.08729033624576e-4,0.0,5.601447101378988e-5,0.0,-9.254636942051063e-6,0.0];
mt28 = [3.84300455837554e-4,0.0,3.685040526930742e-4,0.0,3.19850945996064e-3,0.0,7.271893119451558e-4,0.0,-1.649093081676119e-2,0.0];
mt29 = [3.157421387983396e-3,0.0,4.837268535720318e-3,0.0,3.925422842838922e-3,0.0,1.662896752760128e-4,0.0,-4.07242887271996e-4,0.0];
mt30 = [-2.243701925816938e-4,0.0,-4.682583099099017e-4,0.0,-2.065707443862476e-2,0.0,-6.902027669146457e-3,0.0,7.759878262626521e-4,0.0];
mt31 = [1.014908067770024e-4,0.0,-1.735771988292981e-3,0.0,-2.96634453801802e-4,0.0,5.887211958895059e-3,0.0,-1.441378870565586e-3,0.0];
mt32 = [-1.77066463838367e-3,0.0,-4.042800358010125e-3,0.0,7.453382242951153e-3,0.0,6.75336986255086e-3,0.0,-1.214358152176909e-2,0.0];
mt33 = [-1.84522418228579e-2,0.0,-5.315654682443686e-3,0.0,-5.784926297461539e-3,0.0,1.007161819628742e-2,0.0,9.981173006832156e-3,0.0];
mt34 = [1.672532318258539e-2,0.0,5.896156151305364e-2,0.0,9.921269633200326e-2,0.0,-2.273034167112653e-2,0.0,7.107274390869651e-3,0.0];
mt35 = [-2.445680278819136e-2,0.0,-2.25282404897517e-2,0.0,6.041849178259435e-2,0.0,3.091285972196119e-2,0.0,-2.097797909510113e-3,0.0];
mt36 = [6.998252935527037e-2,0.0,-6.201317974645805e-4,0.0,1.957157968799891e-2,0.0,3.231344051118926e-2,0.0,-7.115314919451451e-3,0.0];
mt37 = [8.962105613939471e-2,0.0,7.389809228110622e-3,0.0,-1.648352146933691e-2,0.0,-4.885439648238636e-2,0.0,5.072711357369233e-3,0.0];
mt38 = [2.705412464475295e-2,0.0,-7.813962319863631e-3,0.0,-3.63151838560942e-2,0.0,1.355254005566817e-2,0.0,-4.399290701127666e-2,0.0];
mt39 = [3.593838187623803e-2,0.0,-1.500459720013637e-1,0.0,-1.279734311026298e-2,0.0,5.755749344768327e-3,0.0,1.98531541439508e-2,0.0];
mt40 = [2.229257906005789e-3,0.0,-1.354836098959025e-3,0.0,9.348713926336256e-4,0.0,8.486446458071667e-3,0.0,-9.153065446350525e-2,0.0];
mt41 = [-6.528461539789462e-2,0.0,-8.179858001303515e-3,0.0,2.63781227908255e-2,0.0,4.820060824674932e-4,0.0,3.940911522087126e-2,0.0];
mt42 = [-1.713669766170466e-1,0.0,2.564680202616346e-2,0.0,-3.587083473248421e-2,0.0,3.932473296164571e-3,0.0,-7.593121890897103e-3,0.0];
mt43 = [-7.541661408855559e-3,0.0,-1.205010956790419e-2,0.0,-1.820984604788412e-2,0.0,5.656764911521358e-3,0.0,-5.741144796135758e-3,0.0];
mt44 = [-1.019830543237388e-2,0.0,-9.950058909049698e-3,0.0,-1.591202213817152e-2,0.0,5.908673406743603e-2,0.0,9.92841302200189e-2,0.0];
mt45 = [2.316605102890455e-2,0.0,2.210708794258629e-3,0.0,-2.455766460841945e-2,0.0,-2.140108962504068e-2,0.0,5.89128374195349e-2,0.0];
mt46 = [3.009507657086871e-2,0.0,1.097410851754513e-2,0.0,-7.059140405247671e-2,0.0,2.208423289289865e-3,0.0,-1.918768523356697e-2,0.0];
mt47 = [3.111064053180964e-2,0.0,-7.910571343214188e-3,0.0,-9.025196572903621e-2,0.0,5.583583670973896e-3,0.0,-1.485229705796606e-2,0.0];
mt48 = [4.894593575226003e-2,0.0,4.818916931532071e-3,0.0,2.559776026437667e-2,0.0,-7.675831408911991e-3,0.0,3.528963563692081e-2,0.0];
mt49 = [1.052518260579638e-2,0.0,4.127227598676993e-2,0.0,2.617486778066208e-2,0.0,1.334350465909599e-1,0.0,-7.304482298717532e-2,0.0];
mt50 = [-5.979463299433867e-3,0.0,-2.20711779889558e-2,0.0,-4.362855230831474e-3,0.0,1.99471501891688e-2,0.0,2.347865569282874e-2,0.0];
mt51 = [1.489152586798825e-2,0.0,9.199053481626634e-2,0.0,6.344316825951378e-2,0.0,-1.687366895204676e-2,0.0,2.219990512445736e-2,0.0];
mt52 = [-7.647777929260242e-4,0.0,-2.0938302908622e-4,0.0,1.66599021410397e-1,0.0,-1.44830576027064e-2,0.0,-5.479077998394354e-2];
b_mf_syms = reshape([mt1,mt2,mt3,mt4,mt5,mt6,mt7,mt8,mt9,mt10,mt11,mt12,mt13,mt14,mt15,mt16,mt17,mt18,mt19,mt20,mt21,mt22,mt23,mt24,mt25,mt26,mt27,mt28,mt29,mt30,mt31,mt32,mt33,mt34,mt35,mt36,mt37,mt38,mt39,mt40,mt41,mt42,mt43,mt44,mt45,mt46,mt47,mt48,mt49,mt50,mt51,mt52],104,5);
end
